     0/299     6.57G   0.09706   0.01384   0.05351    0.1644       359       608         0         0         0         0    0.0812   0.01043   0.05087
     1/299     7.46G   0.08816    0.0111   0.05002    0.1493       385       608         0         0         0         0   0.08102  0.009902    0.0512
     2/299       18G   0.08223   0.01172   0.04624    0.1402       356       608    0.5151   0.00461  0.002928 0.0006786   0.08021  0.009966   0.04164
     3/299       18G   0.07891   0.01206   0.04109    0.1321       342       608   0.07032   0.05368   0.04559   0.01125   0.08965  0.008879   0.04798
     4/299       18G   0.07594   0.01208    0.0392    0.1272       376       608   0.09017    0.0982   0.09083   0.02796    0.0729   0.01005   0.03762
     5/299       18G   0.07372   0.01195   0.03735     0.123       412       608    0.9228    0.1236   0.09286   0.03166   0.06722   0.01025   0.03482
     6/299       18G    0.0711   0.01167   0.03493    0.1177       370       608    0.8801    0.1134   0.05446   0.01089   0.07648  0.008217   0.03054
     7/299       18G   0.06901   0.01085   0.02834    0.1082       330       608    0.3351    0.1532    0.1076   0.02743   0.07333  0.008556   0.02536
     8/299       18G   0.06577   0.01024    0.0233   0.09931       373       608    0.1398    0.1704    0.1007   0.02549   0.06963   0.00915   0.02941
     9/299       18G   0.06314  0.009332   0.01775   0.09022       331       608    0.5156     0.392    0.3674    0.1046   0.05771   0.00776   0.01291
    10/299       18G   0.06039  0.008679   0.01308   0.08215       364       608     0.318     0.346    0.2321   0.06081   0.07248  0.007126   0.01266
    11/299       18G   0.05817   0.00803   0.01024   0.07644       376       608    0.3321    0.3076    0.2056   0.05048   0.06969  0.008901   0.02128
    12/299       18G   0.05635   0.00766  0.008625   0.07263       348       608    0.6415    0.5515     0.597    0.1803   0.05316  0.006654  0.007892
    13/299       18G   0.05451  0.007274   0.00761    0.0694       357       608    0.6183    0.5296    0.5383    0.1744   0.05463  0.006483   0.00959
    14/299       18G   0.05265  0.007179  0.006816   0.06664       392       608     0.656     0.603    0.6265    0.2074   0.05127  0.005748  0.006448
    15/299       18G   0.05178  0.006931  0.006281   0.06499       364       608    0.2698    0.2238     0.161   0.03804   0.06994  0.007535   0.02498
    16/299       18G   0.05025  0.006706  0.005653   0.06261       341       608    0.6994    0.6876    0.7343    0.2599   0.04715  0.005544   0.00594
    17/299       18G   0.04885  0.006509  0.005244   0.06061       378       608    0.7453    0.6974    0.7812    0.3019   0.04459  0.005467    0.0064
    18/299       18G   0.04863  0.006165   0.00474   0.05954       340       608    0.8197    0.6832    0.8239    0.3221   0.04408  0.005216  0.004403
    19/299       18G   0.04661  0.006179  0.004298   0.05708       366       608    0.8717    0.8124    0.8847    0.3625   0.04235  0.004575   0.00248
    20/299       18G   0.04533  0.006052  0.003952   0.05533       394       608    0.7849    0.7111    0.7849    0.3241    0.0442  0.005477  0.005033
    21/299       18G   0.04534   0.00589  0.003997   0.05523       413       608    0.6883     0.527     0.595    0.2279   0.04983  0.006644   0.01042
    22/299       18G   0.04507  0.005832  0.003903   0.05481       371       608    0.7563    0.5741    0.6388    0.2394   0.05057  0.006017  0.007167
    23/299       18G   0.04384  0.005678  0.003363   0.05288       389       608     0.787    0.6569    0.7294    0.2892   0.04314  0.005456  0.007846
    24/299       18G   0.04348  0.005563  0.003343   0.05238       363       608    0.8249    0.7216    0.7924    0.3081    0.0446  0.005045  0.004645
    25/299       18G   0.04328  0.005514  0.003018   0.05181       367       608    0.8733    0.8069    0.8743    0.3289   0.04272  0.004198  0.001701
    26/299       18G   0.04284   0.00542   0.00302   0.05128       317       608    0.8748    0.7811    0.8606    0.3561   0.04193   0.00459  0.002659
    27/299       18G   0.04242  0.005328   0.00287   0.05062       355       608    0.9082    0.8344    0.9033    0.3827   0.04103  0.003957  0.002041
    28/299       18G    0.0419  0.005307  0.002775   0.04998       420       608    0.9382    0.8898    0.9461    0.4439   0.03685   0.00386  0.001415
    29/299       18G   0.04219  0.005197  0.002864   0.05025       335       608    0.8953      0.86    0.9165      0.43   0.03726  0.004112  0.002122
    30/299     21.7G   0.04157  0.005099  0.002626    0.0493       365       608    0.8497    0.7537    0.8202    0.3514   0.04248  0.004942  0.003259
    31/299     21.7G   0.04099  0.005138  0.002553   0.04869       362       608    0.9345    0.8666    0.9382    0.4294   0.03739  0.003813  0.001584
    32/299     21.7G   0.04043  0.005101  0.002553   0.04809       333       608    0.9159    0.8665    0.9251    0.4247   0.03769  0.003987  0.001568
    33/299     21.7G    0.0402  0.005066  0.002451   0.04771       385       608     0.795    0.6916    0.7768    0.3242     0.042  0.004871  0.007256
    34/299     21.7G   0.04022   0.00499  0.002344   0.04756       393       608    0.9518    0.9045    0.9581    0.4527   0.03573  0.003607  0.001199
    35/299     21.7G   0.03972  0.004944  0.002211   0.04688       349       608    0.9348    0.9155    0.9585    0.4545   0.03578  0.003517  0.001267
    36/299     21.7G   0.03975  0.004851  0.002291   0.04689       367       608    0.8865    0.8254    0.8967    0.3923   0.03912  0.004213  0.001818
    37/299     21.7G   0.03939  0.004859  0.002173   0.04642       358       608    0.9208    0.9229    0.9546    0.4676   0.03547  0.003567  0.001344
    38/299     21.7G   0.03939  0.004853  0.002189   0.04644       373       608    0.9388    0.9216    0.9587     0.453   0.03626  0.003457  0.001091
    39/299     21.7G   0.03927  0.004895  0.002228   0.04639       308       608    0.9173    0.8541    0.9266    0.4239   0.03705  0.003831  0.001322
    40/299     21.7G   0.03905  0.004807  0.002198   0.04605       362       608    0.9199    0.8555    0.9264     0.416   0.03755  0.003798  0.002071
    41/299     21.7G   0.03913  0.004764  0.002202    0.0461       355       608    0.9016    0.8269    0.9044    0.3884   0.03879  0.004003  0.001791
    42/299     21.7G   0.03885  0.004789  0.002098   0.04573       328       608     0.933    0.8824    0.9399    0.4514   0.03633  0.003648  0.001377
    43/299     21.7G   0.03896  0.004848  0.002063   0.04588       366       608    0.7619    0.6167    0.7002    0.2799   0.04837  0.005937  0.006319
    44/299     21.7G   0.03877  0.004704  0.002006   0.04548       376       608    0.9435    0.8556    0.9288    0.4492    0.0366  0.003912  0.001403
    45/299     21.7G   0.03808  0.004703  0.001912   0.04469       344       608    0.9448    0.9317    0.9629    0.4771   0.03451   0.00335  0.001027
    46/299     21.7G   0.03784  0.004658  0.001852   0.04435       367       608    0.9505    0.9237    0.9624    0.4765    0.0344  0.003423 0.0009104
    47/299     21.7G   0.03783  0.004699  0.002014   0.04454       411       608    0.9155    0.9093    0.9538    0.4466     0.036  0.003536  0.001381
    48/299     21.7G    0.0383  0.004801    0.0021    0.0452       380       608    0.9292    0.8788    0.9354    0.4371   0.03677  0.003714  0.001233
    49/299     21.7G   0.03815  0.004655  0.001978   0.04479       345       608    0.9371    0.8665    0.9331    0.4465    0.0359  0.003867  0.001379
    50/299     21.7G   0.03802  0.004659  0.001952   0.04463       382       608    0.9382    0.8859    0.9486     0.457   0.03548  0.003558  0.001546
    51/299     21.7G   0.03744  0.004561  0.001842   0.04384       402       608    0.9565    0.9313    0.9635    0.4837   0.03454  0.003405  0.001403
    52/299     21.7G   0.03754  0.004489   0.00183   0.04386       342       608     0.931    0.8986    0.9449    0.4459   0.03564  0.003513  0.001239
    53/299     21.7G   0.03719  0.004524  0.001844   0.04356       348       608     0.963     0.927    0.9667    0.4873   0.03415  0.003291 0.0007312
    54/299     21.7G   0.03718  0.004517  0.001754   0.04345       390       608    0.9482    0.9248    0.9631    0.4744   0.03415  0.003386 0.0009723
    55/299     21.7G   0.03741  0.004517   0.00188   0.04381       316       608    0.9626    0.9188    0.9649    0.4719   0.03445  0.003331  0.000839
    56/299     21.7G   0.03671  0.004524  0.001885   0.04312       398       608    0.9581    0.9428    0.9705    0.4964   0.03321  0.003277  0.001039
    57/299     21.7G   0.03693  0.004459   0.00181    0.0432       340       608    0.9564    0.9394     0.961    0.4788    0.0346  0.003264 0.0007123
    58/299     21.7G   0.03656  0.004457  0.001721   0.04274       379       608    0.9518    0.9218    0.9632    0.4803    0.0338  0.003351 0.0009206
    59/299     21.7G   0.03675  0.004425  0.001828     0.043       387       608    0.9435    0.9157    0.9591    0.4776    0.0343  0.003415  0.001143
    60/299     21.7G   0.03703  0.004502  0.001847   0.04338       369       608     0.946    0.9113    0.9554    0.4705   0.03443  0.003385  0.001068
    61/299     21.7G   0.03637  0.004434  0.001689    0.0425       353       608    0.9643    0.9095    0.9574     0.479   0.03413  0.003453 0.0008899
    62/299     21.7G   0.03638   0.00444  0.001632   0.04246       354       608    0.9623    0.9442    0.9682    0.5066   0.03259  0.003164  0.000747
    63/299     21.7G   0.03663  0.004422  0.001782   0.04283       374       608    0.9629    0.9129    0.9588    0.4767   0.03447  0.003388 0.0008463
    64/299     21.7G   0.03666  0.004461  0.001712   0.04283       360       608    0.9529    0.9455    0.9693    0.5049   0.03324  0.003149  0.000847
    65/299     21.7G   0.03589  0.004365  0.001641   0.04189       373       608    0.9553    0.9591    0.9768    0.5074   0.03211   0.00311 0.0006584
    66/299     21.7G   0.03611  0.004332  0.001618   0.04206       404       608    0.9705    0.9585    0.9768    0.5172   0.03171  0.003079 0.0007058
    67/299     21.7G   0.03613  0.004374  0.001699    0.0422       363       608     0.943    0.9392     0.963    0.4725   0.03487  0.003223 0.0009208
    68/299     21.7G   0.03606  0.004331  0.001649   0.04204       394       608    0.9585    0.9375    0.9679     0.503   0.03274  0.003253 0.0007822
    69/299     21.7G   0.03577   0.00435  0.001642   0.04176       373       608    0.9594     0.947    0.9703    0.4917   0.03309  0.003095 0.0007865
    70/299     21.7G   0.03589  0.004321  0.001642   0.04186       315       608    0.9602    0.9518    0.9756    0.5119   0.03183  0.003088 0.0008351
    71/299     21.7G   0.03552  0.004312  0.001513   0.04135       346       608    0.9444    0.9414    0.9654    0.4941   0.03308  0.003189 0.0007211
    72/299     21.7G   0.03535  0.004313  0.001522   0.04119       357       608    0.9665    0.9587    0.9765    0.5181   0.03177   0.00306 0.0006412
    73/299     21.7G    0.0353   0.00431  0.001612   0.04122       374       608    0.9469    0.9322    0.9601    0.4703    0.0344  0.003205  0.000838
    74/299     21.7G   0.03574  0.004337  0.001619    0.0417       374       608     0.964    0.9511    0.9772    0.5169   0.03179  0.003084  0.000781
    75/299     21.7G   0.03553  0.004349  0.001651   0.04153       381       608    0.9649    0.9558     0.974    0.5173   0.03185  0.003034 0.0006263
    76/299     21.7G   0.03556  0.004252  0.001655   0.04147       343       608    0.9598    0.9027    0.9506    0.4641   0.03456  0.003554  0.000855
    77/299     21.7G   0.03522  0.004332  0.001605   0.04116       342       608    0.9625    0.9536    0.9744     0.515    0.0318   0.00305 0.0007252
    78/299     21.7G    0.0351  0.004276  0.001558   0.04093       356       608    0.9636    0.9469    0.9687    0.5134   0.03182  0.003069 0.0005909
    79/299     21.7G   0.03524  0.004231  0.001464   0.04094       363       608    0.9705    0.9653    0.9781    0.5329   0.03064  0.002979 0.0006782
    80/299     21.7G   0.03508  0.004307  0.001483   0.04087       327       608    0.9703    0.9608    0.9764    0.5131   0.03202   0.00298 0.0006314
    81/299     21.7G    0.0351  0.004194  0.001609    0.0409       352       608    0.9639    0.9566    0.9781     0.522    0.0315     0.003 0.0006712
    82/299     21.7G   0.03555  0.004231  0.001557   0.04133       358       608    0.9655    0.9495    0.9746    0.5235   0.03123  0.003059 0.0007916
    83/299     21.7G   0.03471  0.004204  0.001454   0.04036       383       608    0.9689    0.9466    0.9751    0.5041   0.03207  0.003113 0.0005829
    84/299     21.7G   0.03489  0.004231   0.00147   0.04059       379       608    0.9688     0.942     0.975    0.5212   0.03152  0.003023 0.0008065
    85/299     21.7G   0.03454   0.00421  0.001416   0.04017       343       608    0.9751     0.965    0.9819    0.5367   0.03041  0.002933 0.0005555
    86/299     21.7G    0.0348  0.004239  0.001464   0.04051       354       608    0.9729    0.9603     0.979     0.533   0.03086  0.002936 0.0005821
    87/299     21.7G   0.03476  0.004246   0.00154   0.04054       369       608    0.9666    0.9607    0.9775    0.5237   0.03132  0.002947 0.0006762
    88/299     21.7G   0.03502  0.004164  0.001538   0.04072       361       608    0.9688    0.9696    0.9822    0.5314   0.03037  0.002914 0.0006805
    89/299     21.7G   0.03442  0.004178  0.001461   0.04006       358       608     0.958    0.9502    0.9708    0.5203   0.03117  0.003033 0.0007696
    90/299     21.7G    0.0344  0.004201  0.001417   0.04001       357       608    0.9643    0.9709    0.9796    0.5349   0.03063  0.002905 0.0006169
    91/299     21.7G   0.03452  0.004117  0.001464    0.0401       395       608     0.974    0.9683    0.9812    0.5437   0.02987  0.002893  0.000576
    92/299     21.7G   0.03433  0.004145   0.00139   0.03986       342       608    0.9691     0.971    0.9814    0.5342   0.03025  0.002932 0.0006291
    93/299     21.7G   0.03464  0.004143  0.001453   0.04024       350       608    0.9716    0.9702    0.9825    0.5293   0.03078  0.002903 0.0006141
    94/299     21.7G   0.03436  0.004152  0.001457   0.03997       321       608    0.9719    0.9745    0.9818    0.5411   0.03022  0.002924 0.0006281
    95/299     21.7G   0.03408   0.00415  0.001431   0.03966       373       608    0.9723    0.9658    0.9769    0.5338   0.03038  0.002961 0.0005727
    96/299     21.7G   0.03409  0.004215  0.001563   0.03987       332       608    0.9714    0.9686    0.9816    0.5406    0.0301  0.002929 0.0005071
    97/299     21.7G   0.03426  0.004157   0.00148    0.0399       393       608    0.9694     0.974    0.9836    0.5461   0.02997  0.002878 0.0004968
    98/299     21.7G    0.0341  0.004085  0.001342   0.03953       369       608    0.9744    0.9698    0.9834    0.5469   0.02975  0.002877  0.000556
    99/299     21.7G   0.03375  0.004101  0.001439   0.03929       378       608    0.9613    0.9765    0.9817    0.5506   0.02947  0.002841  0.000494
   100/299     21.7G   0.03406  0.004186   0.00149   0.03974       353       608    0.9752     0.972    0.9844    0.5432      0.03  0.002865 0.0005697
   101/299     21.7G   0.03387  0.004129  0.001333   0.03933       370       608    0.9728    0.9759    0.9855    0.5457   0.02942  0.002842 0.0005512
   102/299     21.7G   0.03411  0.004089  0.001373   0.03957       373       608    0.9702     0.976    0.9843    0.5482   0.02921  0.002823 0.0005176
   103/299     21.7G   0.03386  0.004094  0.001417   0.03937       394       608    0.9774    0.9653     0.982    0.5414   0.02998  0.002896 0.0005745
   104/299     21.7G   0.03356   0.00405   0.00141   0.03902       404       608     0.973    0.9754    0.9843    0.5502   0.02937  0.002824 0.0005387
   105/299     21.7G   0.03351  0.004049  0.001295   0.03886       369       608    0.9753     0.979    0.9858    0.5484   0.02924  0.002806 0.0005463
   106/299     21.7G   0.03366  0.004114  0.001391   0.03917       401       608    0.9696     0.977     0.984    0.5547   0.02915  0.002812 0.0005386
   107/299     21.7G   0.03352  0.004056  0.001424     0.039       344       608    0.9723    0.9794    0.9844    0.5552   0.02895  0.002797 0.0004768
   108/299     21.7G   0.03339  0.004071  0.001446    0.0389       396       608    0.9771    0.9667    0.9839     0.554   0.02912  0.002825 0.0005373
   109/299     21.7G   0.03334  0.004036  0.001255   0.03863       334       608    0.9674     0.973    0.9837     0.553   0.02913  0.002816 0.0005889
   110/299     21.7G   0.03311  0.004054  0.001246   0.03841       335       608    0.9755    0.9741     0.985    0.5595   0.02869   0.00277 0.0005077
   111/299     21.7G   0.03309  0.004014    0.0013    0.0384       355       608    0.9794    0.9764    0.9848    0.5625   0.02854   0.00278 0.0004884
   112/299     21.7G   0.03334  0.004065  0.001513   0.03892       316       608    0.9752    0.9736    0.9838    0.5478   0.02942  0.002834 0.0006008
   113/299     21.7G   0.03329  0.004036  0.001299   0.03862       328       608    0.9737    0.9746     0.985    0.5613   0.02868  0.002781 0.0005585
   114/299     21.7G   0.03303  0.004027  0.001276   0.03833       363       608    0.9767    0.9701    0.9853     0.556   0.02915  0.002806 0.0006027
   115/299     21.7G   0.03305  0.004021  0.001372   0.03845       392       608     0.974    0.9819    0.9863    0.5623   0.02848  0.002745  0.000489
   116/299     21.7G   0.03299  0.004029  0.001294   0.03831       404       608    0.9779    0.9803    0.9846    0.5646   0.02859  0.002753 0.0005106
   117/299     21.7G   0.03309  0.003998  0.001439   0.03853       337       608    0.9744    0.9772    0.9836    0.5625   0.02879  0.002754 0.0004956
   118/299     21.7G   0.03285  0.004004  0.001321   0.03817       325       608    0.9709    0.9834    0.9844    0.5671   0.02834  0.002732 0.0005133
   119/299     21.7G    0.0325  0.003955  0.001246   0.03771       318       608     0.973    0.9793    0.9854    0.5628   0.02846  0.002753 0.0005341
   120/299     21.7G   0.03251  0.003948  0.001166   0.03762       373       608    0.9737    0.9803    0.9851    0.5611   0.02869  0.002743 0.0005306
   121/299     21.7G   0.03278  0.003946   0.00125   0.03798       354       608    0.9741    0.9806    0.9853     0.567   0.02815  0.002725 0.0005095
   122/299     21.7G   0.03281  0.003959  0.001357   0.03812       409       608    0.9762    0.9805    0.9848    0.5676   0.02807  0.002731 0.0004216
   123/299     21.7G   0.03273  0.003992  0.001315   0.03804       396       608    0.9741    0.9805    0.9858    0.5671   0.02833  0.002726 0.0004591
   124/299     21.7G   0.03255  0.004005  0.001205   0.03776       381       608    0.9749    0.9827     0.986    0.5683   0.02823  0.002722 0.0004784
   125/299     21.7G   0.03199  0.003895  0.001085   0.03697       389       608     0.976    0.9833    0.9856    0.5753   0.02763  0.002698  0.000481
   126/299     21.7G   0.03228  0.003981  0.001201   0.03747       370       608    0.9758    0.9787    0.9859     0.573   0.02793  0.002709 0.0004866
   127/299     21.7G   0.03205  0.003894  0.001159   0.03711       367       608    0.9776    0.9793    0.9854     0.575   0.02766  0.002694 0.0004903
   128/299     21.7G   0.03203  0.003939  0.001109   0.03707       367       608     0.975    0.9807     0.984    0.5749    0.0276  0.002702 0.0004387
   129/299     21.7G   0.03226  0.003989  0.001285   0.03753       403       608     0.975    0.9821    0.9857    0.5754   0.02757  0.002677 0.0004647
   130/299     21.7G   0.03248  0.003905  0.001319    0.0377       354       608    0.9723    0.9765    0.9847    0.5689   0.02812  0.002731 0.0005117
   131/299     21.7G   0.03197  0.003863  0.001164     0.037       359       608    0.9723    0.9823    0.9861    0.5794   0.02759  0.002667 0.0004978
   132/299     21.7G   0.03196  0.003918  0.001236   0.03711       357       608    0.9761    0.9848    0.9875     0.582   0.02746  0.002658 0.0004485
   133/299     21.7G   0.03194   0.00392  0.001211   0.03708       366       608    0.9787    0.9815    0.9867    0.5788   0.02755  0.002668  0.000448
   134/299     21.7G   0.03218  0.003944  0.001304   0.03743       381       608    0.9748    0.9831    0.9862    0.5808   0.02738  0.002673 0.0004501
   135/299     21.7G   0.03192  0.003935  0.001163   0.03702       363       608    0.9792    0.9797    0.9867    0.5787   0.02747  0.002668 0.0004465
   136/299     21.7G   0.03173  0.003866  0.001145   0.03674       318       608    0.9789    0.9798     0.988    0.5796   0.02753  0.002653 0.0004305
   137/299     21.7G   0.03165  0.003863  0.001127   0.03664       330       608    0.9809    0.9773    0.9871    0.5812   0.02741   0.00264 0.0004237
   138/299     21.7G   0.03171  0.003839  0.001161   0.03671       350       608    0.9776    0.9815    0.9863    0.5797    0.0274   0.00264 0.0004609
   139/299     21.7G   0.03169  0.003818  0.001115   0.03662       345       608    0.9791    0.9855    0.9868    0.5837   0.02705  0.002629 0.0004525
   140/299     21.7G   0.03173  0.003887  0.001195   0.03681       369       608    0.9768    0.9825    0.9851    0.5823   0.02712  0.002641 0.0004581
   141/299     21.7G   0.03133  0.003898  0.001167    0.0364       352       608    0.9777    0.9809    0.9851    0.5848     0.027  0.002638  0.000453
   142/299     21.7G   0.03177  0.003903  0.001192   0.03686       349       608     0.976    0.9846    0.9858    0.5771   0.02743   0.00264 0.0004542
   143/299     21.7G   0.03155   0.00387  0.001102   0.03652       310       608    0.9778    0.9833     0.986    0.5802   0.02726  0.002631 0.0004482
   144/299     21.7G   0.03122  0.003812  0.001128   0.03616       388       608    0.9763    0.9846    0.9856    0.5867   0.02699  0.002621  0.000448
   145/299     21.7G   0.03126  0.003868  0.001157   0.03628       388       608    0.9787    0.9805    0.9855    0.5868   0.02693  0.002616 0.0004713
   146/299     21.7G   0.03129   0.00383  0.001125   0.03624       375       608    0.9765    0.9835    0.9858    0.5882   0.02686  0.002618 0.0004444
   147/299     21.7G   0.03104  0.003817   0.00106   0.03592       353       608    0.9762    0.9829    0.9854    0.5893   0.02681   0.00262 0.0004335
   148/299     21.7G   0.03091  0.003843   0.00116   0.03591       385       608     0.975    0.9848    0.9846    0.5884   0.02682  0.002624 0.0004002
   149/299     21.7G    0.0313  0.003814  0.001174   0.03629       341       608     0.976    0.9849    0.9854    0.5878   0.02692  0.002601 0.0003837
   150/299     21.7G   0.03113  0.003821  0.001185   0.03614       373       608    0.9775    0.9856    0.9859    0.5891   0.02682  0.002595 0.0003905
   151/299     21.7G   0.03124  0.003782  0.001016   0.03604       390       608    0.9781    0.9841    0.9856    0.5926   0.02666  0.002594 0.0003881
   152/299     21.7G   0.03106  0.003808  0.001078   0.03594       446       608    0.9759    0.9856    0.9855    0.5904   0.02665  0.002596 0.0004251
   153/299     21.7G   0.03093  0.003807  0.001139   0.03587       391       608     0.975    0.9867    0.9852    0.5913   0.02646  0.002593 0.0004221
   154/299     21.7G   0.03094   0.00382  0.001104   0.03586       341       608    0.9754    0.9854    0.9851    0.5905   0.02657  0.002591 0.0004448
   155/299     21.7G   0.03095  0.003777  0.001096   0.03583       341       608    0.9803    0.9832    0.9855    0.5923    0.0265  0.002591 0.0004297
   156/299     21.7G   0.03108  0.003806  0.001069   0.03595       391       608    0.9767    0.9866    0.9857    0.5933   0.02648  0.002584 0.0004068
   157/299     21.7G   0.03063  0.003782  0.001044   0.03545       376       608     0.977    0.9845    0.9858    0.5943   0.02639  0.002581  0.000403
   158/299     21.7G   0.03055  0.003781  0.001075    0.0354       332       608    0.9774    0.9847    0.9857    0.5942   0.02641   0.00258 0.0003793
   159/299     21.7G   0.03055  0.003704  0.001028   0.03528       334       608    0.9773    0.9855     0.986    0.5953    0.0263  0.002574 0.0003795
   160/299     21.7G   0.03035  0.003729  0.001149   0.03523       357       608    0.9781    0.9872    0.9862    0.5946   0.02617  0.002565 0.0003676
   161/299     21.7G   0.03034  0.003713  0.001055   0.03511       362       608    0.9773    0.9858     0.986    0.5923   0.02627  0.002574 0.0003618
   162/299     21.7G   0.03049  0.003752   0.00105   0.03529       378       608    0.9777    0.9857    0.9857    0.5954    0.0262  0.002571 0.0003514
   163/299     21.7G   0.03041  0.003761  0.001079   0.03525       339       608    0.9776     0.985    0.9852     0.597   0.02608  0.002562 0.0003638
   164/299     21.7G   0.03004  0.003722  0.001014   0.03477       324       608    0.9777    0.9862    0.9855    0.5936   0.02622  0.002567 0.0003838
   165/299     21.7G   0.03012  0.003751  0.001033   0.03491       375       608    0.9781    0.9868    0.9857    0.5955   0.02616  0.002562  0.000377
   166/299     21.7G   0.03013  0.003812  0.001128   0.03507       324       608     0.978    0.9866    0.9856    0.5978    0.0261  0.002553 0.0003599
   167/299     21.7G    0.0299  0.003728  0.000923   0.03456       391       608    0.9771    0.9855    0.9853    0.6006   0.02603  0.002552  0.000345
   168/299     21.7G   0.03005  0.003677  0.001031   0.03476       353       608     0.979     0.986    0.9859    0.6004     0.026  0.002546  0.000357
   169/299     21.7G   0.02997  0.003706 0.0009968   0.03467       332       608    0.9802     0.985    0.9858    0.5995   0.02607  0.002545  0.000348
   170/299     21.7G   0.02961  0.003674 0.0009964   0.03428       321       608    0.9808     0.984    0.9861    0.6007   0.02602  0.002539 0.0003512
   171/299     21.7G   0.02983  0.003727 0.0009417    0.0345       376       608    0.9802    0.9851     0.986    0.6011   0.02596  0.002533 0.0003475
   172/299     21.7G   0.02974  0.003638 0.0009856   0.03437       358       608    0.9791     0.986    0.9863    0.6022   0.02589  0.002529 0.0003452
   173/299     21.7G   0.02972  0.003705 0.0009803   0.03441       340       608    0.9787    0.9879    0.9863    0.6037   0.02577   0.00252 0.0003393
   174/299     21.7G    0.0296  0.003664  0.001064   0.03433       369       608    0.9782    0.9858    0.9862    0.6039   0.02574  0.002521 0.0003453
   175/299     21.7G   0.02948  0.003697 0.0009702   0.03415       365       608    0.9806    0.9863    0.9867    0.6061   0.02564  0.002514 0.0003423
   176/299     21.7G   0.02962   0.00365  0.001028   0.03429       310       608    0.9807    0.9854    0.9868    0.6072   0.02563  0.002514 0.0003456
   177/299     21.7G   0.02949  0.003681  0.001062   0.03423       398       608    0.9801     0.985     0.987    0.6077   0.02558  0.002512 0.0003407
   178/299     21.7G   0.02957  0.003734  0.001103    0.0344       348       608    0.9795    0.9859    0.9869    0.6068   0.02558  0.002513 0.0003436
   179/299     21.7G   0.02964  0.003705  0.001004   0.03435       378       608    0.9779    0.9875    0.9866     0.605   0.02562  0.002513 0.0003404
   180/299     21.7G   0.02939  0.003709 0.0009314   0.03403       372       608    0.9802    0.9867    0.9865    0.6069   0.02551  0.002509 0.0003324
   181/299     21.7G   0.02917  0.003663  0.001018   0.03385       356       608    0.9803    0.9862    0.9865    0.6065   0.02552  0.002508  0.000326
   182/299     21.7G   0.02896  0.003662  0.000982    0.0336       356       608    0.9779    0.9881    0.9868    0.6092   0.02538  0.002504 0.0003249
   183/299     21.7G   0.02923  0.003678 0.0009932    0.0339       362       608    0.9794    0.9863    0.9869    0.6105   0.02535  0.002504 0.0003393
   184/299     21.7G   0.02897  0.003651 0.0009135   0.03353       343       608    0.9784     0.988    0.9871    0.6115   0.02526  0.002499 0.0003354
   185/299     21.7G   0.02899  0.003663 0.0009902   0.03365       396       608    0.9763    0.9894     0.987    0.6122    0.0252  0.002494 0.0003423
   186/299     21.7G   0.02916  0.003625  0.001032   0.03381       378       608    0.9798    0.9855    0.9864    0.6128   0.02511  0.002491 0.0003402
   187/299     21.7G   0.02914  0.003659 0.0009334   0.03374       350       608    0.9772     0.988    0.9863    0.6121   0.02512  0.002493 0.0003424
   188/299     21.7G    0.0288  0.003615 0.0009013   0.03331       367       608    0.9785    0.9882    0.9862    0.6119    0.0251  0.002489 0.0003442
   189/299     21.7G   0.02865  0.003593 0.0008899   0.03313       386       608    0.9776    0.9891    0.9861    0.6131   0.02504  0.002486 0.0003536
   190/299     21.7G   0.02881  0.003556 0.0009212   0.03329       353       608     0.978    0.9889     0.986    0.6128   0.02507  0.002488 0.0003733
   191/299     21.7G   0.02855  0.003606 0.0008562   0.03302       382       608    0.9777    0.9894    0.9861    0.6124   0.02505  0.002484 0.0003586
   192/299     21.7G    0.0286  0.003592 0.0008811   0.03307       385       608    0.9808    0.9858    0.9862    0.6134   0.02497   0.00248 0.0003643
   193/299     21.7G   0.02872  0.003659 0.0009678   0.03335       411       608    0.9801    0.9869    0.9863    0.6143   0.02493  0.002478  0.000359
   194/299     21.7G   0.02874  0.003582 0.0009955   0.03332       347       608    0.9804    0.9866    0.9862    0.6138   0.02494  0.002478 0.0003598
   195/299     21.7G   0.02835  0.003618  0.000954   0.03292       356       608    0.9778    0.9893    0.9863    0.6133   0.02494  0.002476 0.0003422
   196/299     21.7G   0.02858  0.003602 0.0008841   0.03306       353       608    0.9778    0.9894    0.9864     0.613   0.02494  0.002473 0.0003513
   197/299     21.7G   0.02836   0.00356 0.0009343   0.03285       368       608    0.9803    0.9877    0.9865    0.6137   0.02492  0.002473 0.0003596
   198/299     21.7G   0.02867  0.003526  0.000883   0.03308       346       608    0.9797    0.9888    0.9862    0.6155   0.02485  0.002471  0.000357
   199/299     21.7G   0.02828  0.003549 0.0009446   0.03278       323       608    0.9782    0.9904    0.9863    0.6164   0.02482   0.00247 0.0003493
   200/299     21.7G   0.02844  0.003574 0.0009277   0.03294       394       608    0.9807     0.989    0.9862    0.6159   0.02479  0.002469 0.0003449
   201/299     21.7G   0.02831  0.003578 0.0009106   0.03279       321       608    0.9806    0.9883    0.9863    0.6181   0.02474  0.002468 0.0003384
   202/299     21.7G   0.02793  0.003543 0.0008815   0.03236       389       608      0.98    0.9893    0.9863    0.6178   0.02473  0.002467  0.000333
   203/299     21.7G   0.02775  0.003558 0.0008305   0.03214       368       608    0.9797    0.9889    0.9863    0.6168   0.02472  0.002464 0.0003419
   204/299     21.7G   0.02794  0.003572 0.0008673   0.03238       367       608    0.9794    0.9888    0.9864    0.6176   0.02469  0.002462 0.0003427
   205/299     21.7G   0.02794  0.003534 0.0008514   0.03233       322       608    0.9813    0.9877    0.9865    0.6168    0.0247   0.00246 0.0003471
   206/299     21.7G   0.02776  0.003507 0.0008791   0.03214       332       608    0.9814    0.9875    0.9866    0.6171   0.02472  0.002457 0.0003472
   207/299     21.7G   0.02801  0.003467 0.0008944   0.03237       356       608    0.9806    0.9875    0.9866    0.6179   0.02465  0.002453  0.000342
   208/299     21.7G    0.0279  0.003513 0.0008587   0.03227       367       608    0.9804    0.9877    0.9867    0.6192   0.02459   0.00245  0.000348
   209/299     21.7G   0.02775  0.003578 0.0009433   0.03227       359       608      0.98    0.9881     0.987    0.6201   0.02458  0.002448 0.0003504
   210/299     21.7G   0.02748  0.003525 0.0008433   0.03185       359       608    0.9794    0.9888    0.9869    0.6203   0.02454  0.002448 0.0003479
   211/299     21.7G   0.02772  0.003526 0.0008927   0.03214       386       608     0.979    0.9892    0.9869    0.6212    0.0245  0.002447  0.000343
   212/299     21.7G    0.0273  0.003461 0.0008861   0.03164       385       608    0.9787    0.9898    0.9868    0.6207    0.0245  0.002448  0.000341
   213/299     21.7G   0.02742  0.003481 0.0008371   0.03173       362       608    0.9797    0.9891     0.987    0.6214   0.02446  0.002445 0.0003437
   214/299     21.7G   0.02719   0.00343 0.0007632   0.03138       342       608    0.9806    0.9888     0.987    0.6215   0.02443  0.002442  0.000346
   215/299     21.7G   0.02735  0.003459 0.0008317   0.03164       345       608      0.98    0.9891     0.987    0.6222   0.02441   0.00244 0.0003458
   216/299     21.7G   0.02722  0.003537 0.0008344   0.03159       360       608    0.9803    0.9888    0.9871    0.6226   0.02441  0.002439 0.0003444
   217/299     21.7G   0.02732  0.003518 0.0008055   0.03164       331       608      0.98    0.9885    0.9871    0.6233   0.02437  0.002437 0.0003433
   218/299     21.7G   0.02706  0.003509 0.0008645   0.03143       382       608    0.9802    0.9882    0.9864     0.623   0.02437  0.002436 0.0003464
   219/299     21.7G   0.02713  0.003471 0.0007811   0.03139       396       608    0.9773    0.9907    0.9863    0.6228   0.02435  0.002434 0.0003415
   220/299     21.7G   0.02735  0.003475 0.0008581   0.03168       369       608    0.9809    0.9871    0.9863    0.6234   0.02435  0.002432 0.0003431
   221/299     21.7G   0.02699  0.003474 0.0008145   0.03127       315       608    0.9783    0.9906    0.9863    0.6239   0.02432   0.00243 0.0003415
   222/299     21.7G   0.02689  0.003445 0.0007759   0.03111       344       608    0.9785    0.9902    0.9864    0.6245   0.02429  0.002428 0.0003416
   223/299     21.7G   0.02677  0.003486 0.0007665   0.03102       341       608    0.9795    0.9897    0.9864    0.6245   0.02427  0.002425 0.0003393
   224/299     21.7G   0.02712   0.00344 0.0008848   0.03144       360       608    0.9793      0.99    0.9865    0.6252   0.02424  0.002424 0.0003373
   225/299     21.7G   0.02678  0.003486 0.0007833   0.03105       341       608    0.9788    0.9904    0.9866    0.6248    0.0242  0.002422 0.0003349
   226/299     21.7G   0.02685  0.003453 0.0007665   0.03107       383       608     0.978     0.991    0.9867    0.6256   0.02418  0.002421 0.0003318
   227/299     21.7G   0.02676  0.003469 0.0008503   0.03107       364       608      0.98    0.9891    0.9867    0.6267   0.02416  0.002419 0.0003295
   228/299     21.7G   0.02656  0.003475 0.0007813   0.03081       369       608    0.9791    0.9901    0.9868    0.6266   0.02413  0.002418 0.0003261
   229/299     21.7G   0.02653  0.003421 0.0007803   0.03073       404       608    0.9801    0.9901    0.9869    0.6275    0.0241  0.002415 0.0003244
   230/299     21.7G   0.02647  0.003454 0.0007808   0.03071       354       608    0.9804    0.9898     0.987    0.6283   0.02408  0.002413   0.00032
   231/299     21.7G   0.02647  0.003433 0.0007593   0.03066       351       608    0.9802    0.9899    0.9871    0.6282   0.02406  0.002411   0.00032
   232/299     21.7G   0.02638  0.003428 0.0007726   0.03058       404       608    0.9789     0.991    0.9871    0.6286   0.02403  0.002409 0.0003197
   233/299     21.7G    0.0264  0.003435 0.0007609    0.0306       365       608    0.9789    0.9906    0.9872    0.6296     0.024  0.002408 0.0003203
   234/299     21.7G   0.02633  0.003455 0.0008246   0.03061       348       608    0.9803     0.989    0.9872    0.6299   0.02398  0.002406 0.0003185
   235/299     21.7G    0.0262  0.003439 0.0007652    0.0304       415       608    0.9799    0.9896    0.9872    0.6302   0.02396  0.002404 0.0003166
   236/299     21.7G    0.0261  0.003392 0.0007685   0.03026       396       608    0.9802    0.9892    0.9872    0.6304   0.02393  0.002402 0.0003155
   237/299     21.7G   0.02626  0.003427 0.0008313   0.03052       402       608      0.98    0.9897    0.9872    0.6303   0.02389    0.0024 0.0003154
   238/299     21.7G    0.0263   0.00338 0.0007907   0.03047       376       608     0.978    0.9918    0.9872    0.6308   0.02387  0.002399 0.0003169
   239/299     21.7G   0.02591  0.003387 0.0007116      0.03       343       608    0.9779    0.9919    0.9873    0.6313   0.02384  0.002397 0.0003157
   240/299     21.7G   0.02609  0.003366 0.0007954   0.03025       365       608    0.9776     0.992    0.9873    0.6319   0.02381  0.002396 0.0003147
   241/299     21.7G   0.02586  0.003347 0.0007728   0.02998       400       608    0.9783    0.9913    0.9873    0.6332    0.0238  0.002395 0.0003149
   242/299     21.7G   0.02593  0.003413 0.0007167   0.03006       396       608    0.9782     0.991    0.9873    0.6332   0.02379  0.002394  0.000313
   243/299     21.7G   0.02585  0.003355 0.0007361   0.02994       371       608    0.9791      0.99    0.9874    0.6336   0.02378  0.002392 0.0003113
   244/299     21.7G    0.0259  0.003382 0.0008096   0.03009       392       608      0.98    0.9889    0.9874    0.6343   0.02376  0.002391 0.0003114
   245/299     21.7G   0.02597  0.003325 0.0007495   0.03004       335       608    0.9801    0.9889    0.9874    0.6347   0.02375   0.00239 0.0003111
   246/299     21.7G   0.02586  0.003364 0.0007815   0.03001       361       608    0.9769    0.9922    0.9874     0.634   0.02373  0.002387   0.00031
   247/299     21.7G   0.02567   0.00332 0.0007712   0.02976       325       608    0.9802    0.9889    0.9874    0.6342   0.02371  0.002387 0.0003069
   248/299     21.7G   0.02572  0.003384 0.0007436   0.02984       350       608    0.9798    0.9893    0.9874    0.6348   0.02368  0.002385 0.0003053
   249/299     21.7G   0.02582  0.003357 0.0008253      0.03       344       608    0.9801    0.9893    0.9874    0.6354   0.02367  0.002383 0.0003054
   250/299     21.7G   0.02547  0.003356 0.0007878   0.02961       382       608    0.9789    0.9903    0.9874    0.6355   0.02364  0.002381 0.0003022
   251/299     21.7G   0.02579  0.003295 0.0007482   0.02983       401       608    0.9801    0.9892    0.9875    0.6359   0.02362  0.002379 0.0003022
   252/299     21.7G   0.02544  0.003377 0.0007666   0.02958       339       608    0.9802    0.9892    0.9875    0.6363    0.0236  0.002378 0.0003002
   253/299     21.7G   0.02567  0.003322 0.0006934   0.02969       375       608    0.9804    0.9887    0.9875     0.637   0.02359  0.002376 0.0002987
   254/299     21.7G   0.02533  0.003389 0.0007716   0.02949       375       608    0.9804    0.9887    0.9876    0.6364   0.02357  0.002374 0.0002976
   255/299     21.7G   0.02534  0.003286  0.000733   0.02936       346       608    0.9802    0.9891    0.9876    0.6374   0.02355  0.002373  0.000295
   256/299     21.7G   0.02515  0.003343 0.0006902   0.02918       404       608    0.9784    0.9911    0.9876     0.638   0.02353  0.002371 0.0002934
   257/299     21.7G   0.02516  0.003329 0.0006812   0.02918       378       608    0.9807    0.9888    0.9876    0.6383   0.02351  0.002369 0.0002895
   258/299     21.7G   0.02519  0.003301 0.0007227   0.02922       407       608    0.9785     0.991    0.9876    0.6389   0.02349  0.002367 0.0002886
   259/299     21.7G   0.02529  0.003329 0.0007016   0.02932       349       608     0.978    0.9917    0.9876    0.6389   0.02347  0.002366 0.0002871
   260/299     21.7G    0.0249  0.003333 0.0007437   0.02898       378       608    0.9782    0.9916    0.9877    0.6394   0.02346  0.002365 0.0002889
   261/299     21.7G   0.02525  0.003311  0.000676   0.02923       371       608     0.978    0.9916    0.9877    0.6393   0.02345  0.002364 0.0002889
   262/299     21.7G   0.02514   0.00331  0.000728   0.02918       365       608    0.9808    0.9889    0.9877    0.6391   0.02343  0.002362 0.0002895
   263/299     21.7G   0.02508  0.003235 0.0006956   0.02901       360       608    0.9783    0.9914    0.9877    0.6396   0.02342  0.002362 0.0002904
   264/299     21.7G   0.02489  0.003311 0.0007345   0.02893       320       608    0.9781    0.9918    0.9877    0.6397    0.0234   0.00236  0.000291
   265/299     21.7G   0.02475  0.003303 0.0006443   0.02869       373       608    0.9783    0.9916    0.9877    0.6406   0.02339   0.00236 0.0002893
   266/299     21.7G   0.02489  0.003277  0.000719   0.02889       387       608    0.9778    0.9922    0.9877    0.6402   0.02337  0.002358   0.00029
   267/299     21.7G   0.02492  0.003297 0.0007081   0.02893       390       608    0.9783    0.9917    0.9877    0.6414   0.02335  0.002357 0.0002887
   268/299     21.7G    0.0249  0.003325 0.0006835   0.02891       367       608     0.978    0.9919    0.9877    0.6416   0.02334  0.002356 0.0002883
   269/299     21.7G   0.02493  0.003237 0.0007841   0.02895       381       608    0.9782    0.9919    0.9877     0.641   0.02333  0.002355 0.0002882
   270/299     21.7G   0.02482  0.003271 0.0007217   0.02882       340       608    0.9787    0.9916    0.9878    0.6409   0.02331  0.002354 0.0002889
   271/299     21.7G   0.02482  0.003314 0.0007252   0.02886       360       608    0.9787    0.9918    0.9877    0.6415    0.0233  0.002353 0.0002888
   272/299     21.7G   0.02478   0.00326 0.0006932   0.02873       320       608    0.9787    0.9917    0.9877    0.6421   0.02328  0.002352 0.0002889
   273/299     21.7G   0.02476  0.003286 0.0006734   0.02872       359       608    0.9797     0.991    0.9878    0.6418   0.02327  0.002351 0.0002882
   274/299     21.7G   0.02486  0.003259 0.0006823    0.0288       388       608    0.9797     0.991    0.9878     0.642   0.02325   0.00235 0.0002877
   275/299     21.7G    0.0248   0.00327 0.0007512   0.02883       379       608    0.9798    0.9911    0.9878    0.6421   0.02324  0.002349 0.0002864
   276/299     21.7G   0.02458  0.003248 0.0006773    0.0285       325       608    0.9796    0.9912    0.9878    0.6426   0.02322  0.002347 0.0002861
   277/299     21.7G   0.02468  0.003259  0.000637   0.02858       342       608    0.9793    0.9913    0.9878    0.6431   0.02321  0.002346 0.0002859
   278/299     21.7G    0.0245  0.003278 0.0006465   0.02843       341       608    0.9795    0.9914    0.9878    0.6431   0.02319  0.002346 0.0002869
   279/299     21.7G   0.02456  0.003318   0.00068   0.02856       377       608    0.9799    0.9913    0.9878    0.6433   0.02318  0.002345 0.0002857
   280/299     21.7G    0.0247  0.003306 0.0006814   0.02869       373       608    0.9795    0.9914    0.9878    0.6437   0.02317  0.002344 0.0002849
   281/299     21.7G   0.02443  0.003282  0.000717   0.02843       373       608    0.9796    0.9913    0.9878     0.644   0.02315  0.002343 0.0002848
   282/299     21.7G   0.02452  0.003306 0.0007065   0.02854       405       608    0.9797    0.9913    0.9878     0.644   0.02314  0.002343 0.0002852
   283/299     21.7G   0.02456  0.003247 0.0006785   0.02849       351       608    0.9795    0.9913    0.9878     0.644   0.02312  0.002342 0.0002856
   284/299     21.7G   0.02437  0.003255 0.0006839   0.02831       370       608    0.9795    0.9912    0.9878    0.6445   0.02311  0.002341 0.0002848
   285/299     21.7G    0.0245  0.003257 0.0007037   0.02846       379       608     0.979    0.9917    0.9878    0.6446    0.0231   0.00234 0.0002852
   286/299     21.7G   0.02436  0.003253 0.0006647   0.02827       347       608    0.9791    0.9917    0.9878    0.6447   0.02309   0.00234 0.0002859
   287/299     21.7G   0.02445  0.003235 0.0006918   0.02838       386       608     0.979    0.9917    0.9878    0.6446   0.02308  0.002339 0.0002851
   288/299     21.7G   0.02453  0.003213 0.0006771   0.02842       358       608     0.979    0.9918    0.9878    0.6443   0.02307  0.002338 0.0002844
   289/299     21.7G    0.0243  0.003225 0.0007338   0.02826       383       608    0.9793    0.9916    0.9878     0.645   0.02306  0.002338 0.0002831
   290/299     21.7G   0.02415  0.003269 0.0007202   0.02814       351       608    0.9792    0.9918    0.9878    0.6452   0.02304  0.002336 0.0002835
   291/299     21.7G   0.02429  0.003289 0.0006724   0.02825       368       608    0.9795    0.9918    0.9878     0.646   0.02302  0.002335 0.0002829
   292/299     21.7G   0.02425  0.003276 0.0007177   0.02824       350       608    0.9791    0.9919    0.9878    0.6459   0.02301  0.002334 0.0002823
   293/299     21.7G   0.02405  0.003202  0.000654    0.0279       348       608    0.9794    0.9916    0.9878    0.6465   0.02299  0.002333 0.0002819
   294/299     21.7G   0.02409  0.003262 0.0006608   0.02802       362       608    0.9795    0.9916    0.9878    0.6471   0.02298  0.002332 0.0002808
   295/299     21.7G   0.02422   0.00323 0.0006978   0.02814       360       608    0.9791     0.992    0.9878    0.6471   0.02297  0.002332 0.0002806
   296/299     21.7G   0.02423  0.003214 0.0006492   0.02809       354       608    0.9789    0.9923    0.9878    0.6476   0.02295  0.002331 0.0002798
   297/299     21.7G   0.02418  0.003206 0.0006239   0.02801       388       608    0.9804    0.9906    0.9878    0.6477   0.02294   0.00233 0.0002809
   298/299     21.7G   0.02407  0.003239 0.0006916     0.028       334       608    0.9796    0.9916    0.9878     0.648   0.02293   0.00233 0.0002813
   299/299     21.7G   0.02409  0.003256  0.000642   0.02799       359       608    0.9796    0.9916    0.9878    0.6485   0.02292  0.002329 0.0002814
